Chr1_h1	266943	1	5	0
Chr1_h1	1767608	0	0	4
Chr1_h1	1767627	0	0	4
Chr1_h1	3168449	0	0	1
Chr1_h1	5073974	0	0	1
Chr1_h1	5679353	0	0	1
Chr1_h1	9040408	0	0	5
Chr1_h1	9040413	0	0	5
Chr1_h1	9040432	0	0	7
Chr1_h1	9614325	0	0	1
Chr1_h1	9614453	0	0	14
Chr1_h1	9614518	0	0	12
Chr1_h1	9614561	0	0	6
Chr1_h1	9614618	0	0	3
Chr1_h1	9614647	0	0	2
Chr1_h1	12200536	0	0	1
Chr1_h1	12200594	0	0	4
Chr1_h1	12200647	0	0	11
Chr1_h1	12200723	0	0	9
Chr1_h1	15756373	0	0	3
Chr1_h1	17480247	0	0	1
Chr1_h1	17480682	0	0	1
Chr1_h1	17480692	0	0	1
Chr1_h1	17480700	0	0	1
Chr1_h1	20502435	0	0	14
Chr1_h1	20812816	0	0	50
Chr1_h1	20812913	0	0	71
Chr1_h1	20812955	0	0	59
Chr1_h1	20812972	0	0	51
Chr1_h1	20812980	0.5	45	45
Chr1_h1	20857314	0	0	7
Chr1_h1	23467380	0	0	9
Chr1_h1	23467574	0	0	4
Chr1_h1	23467628	0	0	5
Chr1_h1	24318014	1	1	0
Chr1_h1	24318081	1	1	0
Chr1_h1	24319043	1	1	0
Chr1_h1	24383682	0	0	7
Chr1_h1	24465470	0	0	1
Chr1_h1	24465525	0	0	2
Chr1_h1	24465584	0	0	1
Chr1_h1	24711580	0	0	1
Chr1_h1	24712185	0	0	7
Chr1_h1	24712225	0	0	10
Chr1_h1	24712247	0	0	15
Chr1_h1	24712726	0	0	11
Chr1_h1	24712740	0	0	9
Chr1_h1	24712741	0	0	9
Chr1_h1	24712770	0	0	6
Chr1_h1	24775618	0	0	3
Chr1_h1	29121529	0	0	3
Chr1_h1	29121570	0	0	3
Chr1_h1	29121621	0	0	6
Chr1_h1	29645417	0	0	1
Chr1_h1	30206629	0	0	10
Chr1_h1	30206716	0	0	12
Chr1_h1	30207327	0	0	2
Chr1_h1	30749805	0	0	6
Chr1_h1	30749822	0	0	6
Chr1_h1	30749838	0	0	6
Chr1_h1	31480333	0	0	2
Chr1_h1	33271552	0	0	10
Chr1_h1	33271574	0	0	10
Chr1_h1	33271757	0	0	1
Chr1_h1	33271781	0	0	1
Chr1_h1	33484212	0	0	1
Chr1_h1	34767779	1	2	0
Chr1_h1	34767859	1	2	0
Chr1_h1	34902356	1	36	0
Chr1_h1	34902567	1	168	1
Chr1_h1	34902602	1	243	0
Chr1_h1	34902607	1	248	0
Chr1_h1	34902634	1	503	3
Chr1_h1	34902722	1	185	4
Chr1_h1	34958834	1	7	0
Chr1_h1	34959142	1	3	0
Chr1_h1	34959173	1	3	0
Chr1_h1	34959174	1	3	0
Chr1_h1	34959182	1	2	0
Chr1_h1	34961048	1	1	0
Chr1_h1	34961054	1	1	0
Chr1_h1	34961107	1	1	0
Chr1_h1	34961131	1	1	0
Chr1_h1	34961143	1	2	0
Chr1_h1	34961146	1	2	0
Chr1_h1	34989783	1	1	0
Chr1_h1	34990103	1	8	0
Chr1_h1	35140091	1	2	0
Chr1_h1	35604029	1	2	0
Chr1_h1	35604129	1	1	0
Chr1_h1	35646580	1	10	0
Chr1_h1	35646644	1	21	0
Chr1_h1	35646874	1	5	0
Chr1_h1	37036364	1	1	0
Chr1_h1	37036423	1	2	0
Chr1_h1	37036481	1	2	0
Chr1_h1	37036564	1	1	0
Chr1_h1	37036762	1	1	0
Chr1_h1	37036777	1	1	0
Chr1_h1	38502518	1	3	0
Chr1_h1	38502572	1	3	0
Chr1_h1	38550674	1	14	0
Chr1_h1	38550809	1	3	0
Chr1_h1	38671021	1	1	0
Chr1_h1	38678805	1	10	0
Chr1_h1	38678998	1	19	0
Chr1_h1	38761844	1	9	0
Chr1_h1	39191796	1	6	0
Chr1_h1	39191994	1	5	0
Chr1_h1	39192008	1	4	0
Chr1_h1	40415780	1	3	0
Chr1_h1	40415928	1	37	0
Chr1_h1	40416063	1	28	0
Chr1_h1	40416091	1	21	0
Chr1_h1	40544361	1	10	0
Chr1_h1	40544658	1	8	0
Chr1_h1	41044535	1	1	0
Chr1_h1	41238049	1	1	0
Chr1_h1	41397019	1	3	0
Chr1_h1	41397315	1	16	0
Chr1_h1	41986255	1	2	0
Chr1_h1	42099640	1	1	0
Chr1_h1	43550940	1	1	0
Chr1_h1	43550971	1	2	0
Chr1_h1	43551001	1	6	0
Chr1_h1	43551162	1	2	0
Chr1_h1	43798341	1	1	0
Chr1_h1	44043082	1	7	0
Chr1_h1	44043092	1	10	0
Chr1_h1	44043142	1	11	0
Chr1_h1	44043146	1	11	0
Chr1_h1	44043211	1	12	0
Chr1_h1	44078761	1	1	0
Chr1_h1	44250195	1	5	0
Chr1_h1	44251134	1	13	0
Chr1_h1	44251147	1	12	0
Chr1_h1	48648577	1	7	0
Chr1_h1	48768618	1	1	0
Chr1_h1	48768678	1	5	0
Chr1_h1	48768749	1	15	0
Chr1_h1	49030623	1	6	0
Chr1_h1	49037551	1	4	0
Chr1_h1	49037572	1	5	0
Chr1_h1	49037776	1	3	0
Chr1_h1	49786662	1	4	0
Chr1_h1	49786742	1	11	0
Chr1_h1	50086993	1	11	0
Chr1_h1	50087003	1	10	0
Chr1_h1	50087016	1	9	0
Chr1_h1	51352534	1	3	0
Chr1_h1	51353087	1	27	0
Chr1_h1	51397265	1	5	0
Chr1_h1	51397295	1	2	0
Chr1_h1	51661508	1	1	0
Chr1_h1	51661739	1	6	0
Chr1_h1	51661767	1	5	0
Chr1_h1	51661800	1	3	0
Chr1_h1	51858444	1	19	0
Chr1_h1	51955377	1	1	0
Chr1_h1	52247715	1	1	0
Chr1_h1	52520733	1	8	0
Chr1_h1	52543699	1	1	0
Chr1_h1	52543746	1	1	0
Chr1_h1	52543750	1	1	0
Chr1_h1	52543751	1	1	0
Chr1_h1	52543780	1	2	0
Chr1_h1	52543787	1	2	0
Chr1_h1	52543792	1	2	0
Chr1_h1	52543793	1	2	0
Chr1_h1	52543856	1	1	0
Chr1_h1	52543859	1	1	0
Chr1_h1	52932903	1	1	0
Chr1_h1	52960646	1	5	0
Chr1_h1	52960755	1	4	0
Chr1_h1	53662195	1	3	0
Chr1_h1	53701637	1	7	0
Chr1_h1	53702258	1	5	0
Chr1_h1	56306377	1	8	0
Chr1_h1	56307366	1	2	0
Chr1_h1	56371518	1	1	0
Chr1_h1	60680878	1	1	0
Chr1_h1	60680943	1	2	0
Chr1_h1	60681005	1	8	0
Chr1_h1	60681024	1	7	0
Chr1_h1	60681139	1	7	0
Chr1_h1	60681159	1	4	0
Chr1_h1	62559056	1	13	0
Chr1_h1	62560840	1	6	0
Chr1_h1	62560894	1	3	0
Chr1_h1	62560912	1	3	0
Chr1_h1	62560914	1	3	0
Chr1_h1	62560959	1	1	0
Chr1_h1	62751554	1	6	0
Chr1_h1	62751676	1	5	0
Chr1_h1	62949988	1	9	0
Chr1_h1	62950038	1	4	0
Chr1_h1	62950132	1	1	0
Chr1_h1	62950138	1	1	0
Chr1_h1	62950139	1	1	0
Chr1_h1	62950405	1	1	0
Chr1_h1	63448114	1	1	0
Chr1_h1	63764894	1	2	0
Chr1_h1	64795545	1	4	0
Chr1_h1	65908574	1	2	0
Chr1_h1	65908747	1	16	0
Chr1_h1	66056376	1	50	1
Chr1_h1	66056438	1	114	3
Chr1_h1	66056533	1	148	3
Chr1_h1	66056641	1	45	4
Chr1_h1	66056714	1	4	0
Chr1_h1	66056729	1	1	0
Chr1_h1	66912464	1	9	0
Chr1_h1	66912483	1	7	0
Chr1_h1	66981528	1	1	0
Chr1_h1	67012597	1	10	0
Chr1_h1	67012653	1	10	0
Chr1_h1	67012789	1	3	0
Chr1_h1	67012792	1	2	0
Chr1_h1	67134821	1	4	0
Chr1_h1	67218978	1	4	0
Chr1_h1	67329152	1	4	0
Chr1_h1	67329201	1	9	0
Chr1_h1	67329356	1	7	0
Chr1_h1	67329412	1	3	0
Chr1_h1	67329500	1	1	0
Chr1_h1	67759326	1	6	0
Chr1_h1	67759350	1	7	0
Chr1_h1	67759478	1	5	0
Chr1_h1	67759523	1	4	0
Chr1_h1	67759592	1	2	0
Chr1_h1	68121555	1	1	0
Chr1_h1	68121713	1	1	0
Chr1_h1	68121846	1	8	0
Chr1_h1	69215103	1	1	0
Chr1_h1	69215231	1	6	0
Chr1_h1	69215235	1	6	0
Chr1_h1	69215238	1	6	0
Chr1_h1	69215239	1	6	0
Chr1_h1	69215253	1	6	0
Chr1_h1	69296766	1	2	0
Chr1_h1	69296886	1	5	0
Chr1_h1	69628854	1	1	0
Chr1_h1	69628888	1	2	0
Chr1_h1	69628917	1	2	0
Chr1_h1	70170070	1	1	0
Chr1_h1	70555184	1	6	0
Chr1_h1	70555265	1	11	0
Chr1_h1	70555267	1	11	0
Chr1_h1	70594837	1	1	0
Chr1_h1	70608736	1	15	0
Chr1_h1	70661937	1	4	0
Chr1_h1	71469748	1	1	0
Chr1_h1	71470497	1	4	0
Chr1_h1	71888689	1	4	0
Chr1_h1	72749854	1	1	0
Chr1_h1	72749894	1	5	0
Chr1_h1	72749950	1	10	0
Chr1_h1	72750452	1	7	0
Chr1_h1	74052036	1	10	0
Chr1_h1	74052104	1	6	0
Chr1_h1	74674517	0.5	4	1
Chr1_h1	74903612	1	1	0
Chr1_h1	75741980	1	3	0
Chr1_h1	75766267	1	3	0
Chr1_h1	77013090	1	2	0
Chr1_h1	77087473	1	2	0
Chr1_h1	77087537	1	9	0
Chr1_h1	77088318	1	4	0
Chr1_h1	78393805	1	3	0
Chr1_h1	80599031	1	7	0
Chr1_h1	80599064	1	4	0
Chr1_h1	80850076	1	1	0
Chr1_h1	80861210	1	60	0
Chr1_h1	82143566	1	3	0
Chr1_h1	83879558	1	4	0
Chr1_h1	84541604	1	1	0
Chr1_h1	84672891	1	2	0
Chr1_h1	85823741	1	2	0
Chr1_h1	85823745	1	3	0
Chr1_h1	85823773	1	5	0
Chr1_h1	85823826	1	6	0
Chr1_h1	85824010	1	1	0
Chr1_h1	85824032	1	1	0
Chr1_h1	85906254	1	2	0
Chr1_h1	85906261	1	1	0
Chr1_h1	86143487	0	0	3
Chr1_h1	86143584	0	0	4
Chr1_h1	87462519	1	2	0
Chr1_h1	87462577	1	2	0
Chr1_h1	87462624	1	3	0
Chr1_h1	87462653	1	3	0
Chr1_h1	87462696	1	2	0
Chr1_h1	87462699	1	2	0
Chr1_h1	87462706	1	2	0
Chr1_h1	87462762	1	1	0
Chr1_h1	88094506	1	9	0
Chr1_h1	88094631	1	4	0
Chr1_h1	88292748	1	1	0
Chr1_h1	88292861	1	7	0
Chr1_h1	88293622	1	11	0
Chr1_h1	88293726	1	1	0
Chr1_h1	88325087	1	3	0
Chr1_h1	89744044	1	1	0
Chr2_h1	762770	1	7	0
Chr2_h1	1248702	1	20	0
Chr2_h1	1248713	1	20	0
Chr2_h1	1248803	1	24	1
Chr2_h1	1248877	1	19	0
Chr2_h1	1345479	1	5	0
Chr2_h1	2003342	1	16	0
Chr2_h1	2003667	1	6	0
Chr2_h1	2003683	1	4	0
Chr2_h1	4585115	1	2	0
Chr2_h1	5945898	1	6	0
Chr2_h1	6660856	1	4	0
Chr2_h1	6660902	1	4	0
Chr2_h1	6660906	1	5	0
Chr2_h1	6663438	0.5	2	1
Chr2_h1	6663472	1	5	0
Chr2_h1	7167788	1	5	0
Chr2_h1	7398228	1	9	0
Chr2_h1	7398313	1	4	0
Chr2_h1	9710122	1	3	0
Chr2_h1	10131880	1	1	0
Chr2_h1	11278064	1	6	0
Chr2_h1	11338248	1	4	0
Chr2_h1	11871830	1	2	0
Chr2_h1	12433151	1	3	0
Chr2_h1	12434500	1	2	0
Chr2_h1	12434507	1	2	0
Chr2_h1	12476417	1	15	0
Chr2_h1	14156002	1	2	0
Chr2_h1	16181029	1	1	0
Chr2_h1	16295747	1	2	0
Chr2_h1	16295839	1	9	0
Chr2_h1	16296047	1	4	0
Chr2_h1	16296089	1	3	0
Chr2_h1	16540186	1	1	0
Chr2_h1	17126282	1	2	0
Chr2_h1	17126340	1	6	0
Chr2_h1	17126350	1	6	0
Chr2_h1	17126354	1	6	0
Chr2_h1	17126366	1	6	0
Chr2_h1	17126397	1	7	0
Chr2_h1	17416170	1	4	0
Chr2_h1	17416215	1	6	0
Chr2_h1	17416281	1	9	0
Chr2_h1	17416358	1	6	1
Chr2_h1	17416445	1	5	0
Chr2_h1	17808552	1	8	0
Chr2_h1	17908854	1	11	0
Chr2_h1	19467906	1	7	0
Chr2_h1	19467964	1	2	0
Chr2_h1	20612635	1	1	0
Chr2_h1	20612672	1	1	0
Chr2_h1	20612730	1	1	0
Chr2_h1	21467528	1	7	0
Chr2_h1	21724210	1	9	0
Chr2_h1	22468912	1	2	0
Chr2_h1	22520656	1	1	0
Chr2_h1	22635149	1	3	0
Chr2_h1	22635329	1	5	0
Chr2_h1	23172699	1	15	0
Chr2_h1	23173436	1	1	0
Chr2_h1	23173454	1	1	0
Chr2_h1	23468744	1	1	0
Chr2_h1	24868292	1	9	0
Chr2_h1	25273446	1	4	0
Chr2_h1	25488043	1	12	0
Chr2_h1	25488138	1	24	0
Chr2_h1	25488161	1	25	0
Chr2_h1	25488287	1	7	0
Chr2_h1	25776731	1	1	0
Chr2_h1	25776733	1	1	0
Chr2_h1	25777282	1	9	0
Chr2_h1	26369291	1	1	0
Chr2_h1	26498290	1	24	0
Chr2_h1	26720300	1	3	0
Chr2_h1	26720439	1	10	0
Chr2_h1	28573066	1	2	0
Chr2_h1	28573067	1	2	0
Chr2_h1	28573080	1	2	0
Chr2_h1	28573336	1	7	0
Chr2_h1	29662476	0	0	6
Chr2_h1	29846295	1	1	0
Chr2_h1	30135396	1	1	0
Chr2_h1	30135550	1	19	0
Chr2_h1	30219305	1	3	0
Chr2_h1	30219617	1	9	0
Chr2_h1	30219672	1	10	0
Chr2_h1	30219853	1	1	0
Chr2_h1	30311354	1	6	0
Chr2_h1	30311389	1	7	0
Chr2_h1	30311430	1	5	0
Chr2_h1	30311431	1	5	0
Chr2_h1	30785983	1	15	0
Chr2_h1	30786043	1	8	0
Chr2_h1	31379817	1	8	0
Chr2_h1	31379898	1	3	0
Chr2_h1	31379914	1	2	0
Chr2_h1	31942518	1	2	0
Chr2_h1	31942520	1	2	0
Chr2_h1	32164663	1	1	0
Chr2_h1	32303841	1	10	0
Chr2_h1	32478104	1	7	0
Chr2_h1	33304943	1	6	0
Chr2_h1	33784887	1	1	0
Chr2_h1	33784893	1	1	0
Chr2_h1	34535442	1	4	0
Chr2_h1	34640427	1	7	0
Chr2_h1	34640489	1	3	0
Chr2_h1	34640569	1	1	0
Chr2_h1	34681395	1	9	0
Chr2_h1	34975610	1	8	0
Chr2_h1	35115462	1	13	0
Chr2_h1	35274040	1	2	0
Chr2_h1	35274409	1	1	0
Chr2_h1	35284063	1	2	0
Chr2_h1	35284269	1	14	0
Chr2_h1	35284297	1	11	0
Chr2_h1	35284302	1	9	0
Chr2_h1	35841259	1	1	0
Chr2_h1	35841813	1	9	0
Chr2_h1	35841882	1	4	0
Chr2_h1	37698824	1	1	0
Chr2_h1	37698877	1	2	0
Chr2_h1	37874965	1	1	0
Chr2_h1	38972566	1	1	0
Chr2_h1	39236080	1	10	0
Chr2_h1	39271481	1	1	0
Chr2_h1	40308267	1	4	0
Chr2_h1	40308268	1	4	0
Chr2_h1	40308269	1	4	0
Chr2_h1	40308275	1	4	0
Chr2_h1	41152758	1	50	0
Chr2_h1	41527831	1	3	0
Chr2_h1	41527881	1	5	0
Chr2_h1	41527959	1	1	0
Chr2_h1	41609960	1	3	0
Chr2_h1	42279451	1	5	0
Chr2_h1	43425675	1	1	0
Chr2_h1	46516503	1	2	0
Chr2_h1	47476475	1	1	0
Chr2_h1	47476481	1	1	0
Chr2_h1	51605568	0	0	1
Chr2_h1	51605569	0	0	1
Chr2_h1	51605638	0	0	4
Chr2_h1	51605651	0	0	6
Chr2_h1	52815652	0	0	39
Chr2_h1	52815798	0	0	11
Chr2_h1	53346740	1	4	0
Chr2_h1	55119013	0	0	1
Chr2_h1	55125056	0	0	1
Chr2_h1	55125386	0	0	18
Chr2_h1	55465224	0	0	3
Chr2_h1	58005288	0	0	4
Chr2_h1	58005562	0	0	3
Chr2_h1	58005564	0	0	3
Chr2_h1	58568239	0	0	2
Chr2_h1	58568258	0	0	3
Chr2_h1	58568396	0	0	6
Chr2_h1	58828538	0	0	3
Chr2_h1	59078569	0	0	9
Chr2_h1	60633515	0	0	2
Chr2_h1	63080154	0	0	2
Chr2_h1	63080229	0	0	8
Chr2_h1	63080456	0	0	4
Chr2_h1	63097188	0	0	1
Chr2_h1	63097189	0	0	1
Chr2_h1	63232565	0	0	2
Chr2_h1	63232586	0	0	2
Chr2_h1	63505741	0	0	5
Chr2_h1	64130013	0	0	14
Chr2_h1	64195430	0	3	34
Chr2_h1	64195477	0.5	50	50
Chr2_h1	64750956	0	0	1
Chr2_h1	65114065	0	0	1
Chr2_h1	65114093	0	0	2
Chr2_h1	69460936	0	0	121
Chr2_h1	69460960	0	0	84
Chr2_h1	69461022	0	0	21
Chr2_h1	69461946	0	0	12
Chr2_h1	69467820	0	0	5
Chr2_h1	69467878	0	0	8
Chr2_h1	69481649	0	0	5
Chr3_h1	1082288	0	0	5
Chr3_h1	1082394	0	0	5
Chr3_h1	1082496	0	0	1
Chr3_h1	1164353	1	1	0
Chr3_h1	1218067	0	0	140
Chr3_h1	1218097	1	95	0
Chr3_h1	1289411	0	0	3
Chr3_h1	1366851	0	1	21
Chr3_h1	1651057	0	0	1
Chr3_h1	1651270	0	0	35
Chr3_h1	1651506	0	0	20
Chr3_h1	2085908	0	0	2
Chr3_h1	2357705	0	0	18
Chr3_h1	2357796	0	0	10
Chr3_h1	2357898	0	0	1
Chr3_h1	2357900	0	0	1
Chr3_h1	5400073	0	0	9
Chr3_h1	5400142	0	0	8
Chr3_h1	5400156	0	0	7
Chr3_h1	5400215	0	0	3
Chr3_h1	5428176	0	0	8
Chr3_h1	6102505	0	0	5
Chr3_h1	6102537	0	0	5
Chr3_h1	6422431	0	0	6
Chr3_h1	6422545	0	0	13
Chr3_h1	6570949	0	0	3
Chr3_h1	6783168	0	0	2
Chr3_h1	6783223	0	0	3
Chr3_h1	6783275	0	0	7
Chr3_h1	7525436	0	0	3
Chr3_h1	7772707	0	0	1
Chr3_h1	7772752	0	0	2
Chr3_h1	8422962	0	0	1
Chr3_h1	8422969	0	0	1
Chr3_h1	8422980	0	0	1
Chr3_h1	8423014	0	0	1
Chr3_h1	8423075	0	0	1
Chr3_h1	8423102	0	0	1
Chr3_h1	8423151	0	0	1
Chr3_h1	10013940	0	0	1
Chr3_h1	10014705	0	0	3
Chr3_h1	10357128	0	0	3
Chr3_h1	10357234	0	0	4
Chr3_h1	10357255	0	0	6
Chr3_h1	10357291	0	0	5
Chr3_h1	10525039	0	0	1
Chr3_h1	11581598	0	0	2
Chr3_h1	11586035	0	0	5
Chr3_h1	11586037	0	0	5
Chr3_h1	11586048	0	0	5
Chr3_h1	11952904	0	0	1
Chr3_h1	11952996	0	0	1
Chr3_h1	14394985	1	1	0
Chr3_h1	14492221	0	0	1
Chr3_h1	15306112	0	0	3
Chr3_h1	15615432	0	0	2
Chr3_h1	15794624	0	0	9
Chr3_h1	15794662	0	0	7
Chr3_h1	15794663	0	0	7
Chr3_h1	15794681	0	0	8
Chr3_h1	15794697	0	0	7
Chr3_h1	15794704	0	0	7
Chr3_h1	15852658	0	0	2
Chr3_h1	16215955	0	0	2
Chr3_h1	16664431	0	0	44
Chr3_h1	16707239	0	0	7
Chr3_h1	16707253	0	0	7
Chr3_h1	16707284	0	0	6
Chr3_h1	16939541	0	0	1
Chr3_h1	16978953	0	0	2
Chr3_h1	17499940	0	0	2
Chr3_h1	17500104	0	0	4
Chr3_h1	17783161	0	0	4
Chr3_h1	18352780	0	0	3
Chr3_h1	18352834	0	0	1
Chr3_h1	18352846	0	0	1
Chr3_h1	18352876	0	0	1
Chr3_h1	18419167	0	0	6
Chr3_h1	19747106	0	0	3
Chr3_h1	19768218	0	0	1
Chr3_h1	19768282	0	0	1
Chr3_h1	19768337	0	0	1
Chr3_h1	19768339	0	0	1
Chr3_h1	19768346	0	0	1
Chr3_h1	19768353	0	0	1
Chr3_h1	19769384	0	0	13
Chr3_h1	19769479	0	0	61
Chr3_h1	19769568	0	1	101
Chr3_h1	19769717	0	1	20
Chr3_h1	19808867	0	0	8
Chr3_h1	19808926	0	0	6
Chr3_h1	19956030	0	0	1
Chr3_h1	19956195	0	0	2
Chr3_h1	20414969	0	0	5
Chr3_h1	20497891	0	0	3
Chr3_h1	20497903	0	0	3
Chr3_h1	20497915	0	0	3
Chr3_h1	20497926	0	0	3
Chr3_h1	20498026	0	0	2
Chr3_h1	20498052	0	0	5
Chr3_h1	20498058	0	0	5
Chr3_h1	20498075	0	0	5
Chr3_h1	20578190	0	0	1
Chr3_h1	20578303	0	0	3
Chr3_h1	20578329	0	0	4
Chr3_h1	20578375	0	0	4
Chr3_h1	20599598	0	0	3
Chr3_h1	20928348	0	0	7
Chr3_h1	20928547	0	0	2
Chr3_h1	20928551	0	0	2
Chr3_h1	20928555	0	0	2
Chr3_h1	21226998	0	0	1
Chr3_h1	21571290	0	0	3
Chr3_h1	21571325	0	0	1
Chr3_h1	23470492	0	0	1
Chr3_h1	23470612	0	0	10
Chr3_h1	23471390	0	0	1
Chr3_h1	23643785	0	0	3
Chr3_h1	23643801	0	0	4
Chr3_h1	23643829	0	0	7
Chr3_h1	23644609	0	0	8
Chr3_h1	23644897	0	0	7
Chr3_h1	23644900	0	0	7
Chr3_h1	23644955	0	0	3
Chr3_h1	23644978	0	0	2
Chr3_h1	23664071	0	0	1
Chr3_h1	23664084	0	0	1
Chr3_h1	23969362	0	0	3
Chr3_h1	25720332	0	0	11
Chr3_h1	25720473	0	0	3
Chr3_h1	25978889	0	0	6
Chr3_h1	26221480	0	0	3
Chr3_h1	26221552	0	0	2
Chr3_h1	26221563	0	0	2
Chr3_h1	26221564	0	0	2
Chr3_h1	26221568	0	0	2
Chr3_h1	27189893	0	0	5
Chr3_h1	27663464	0	0	15
Chr3_h1	28037388	0	0	17
Chr3_h1	28683366	0	0	5
Chr3_h1	29238908	0	0	6
Chr3_h1	29238978	0	0	3
Chr3_h1	31235878	0	0	2
Chr3_h1	31300833	0	0	9
Chr3_h1	31300835	0	0	9
Chr3_h1	31300943	0	0	1
Chr3_h1	31872322	0	0	7
Chr3_h1	32340234	0	0	1
Chr3_h1	32532488	0	0	1
Chr3_h1	32908975	0	0	6
Chr3_h1	33845991	0	0	1
Chr3_h1	35241748	0	0	4
Chr3_h1	35242013	0	0	8
Chr3_h1	35242105	0	0	10
Chr3_h1	35325418	0	0	1
Chr3_h1	35445442	0	0	1
Chr3_h1	35727215	0	0	3
Chr3_h1	35727441	0	0	6
Chr3_h1	35810332	0	0	9
Chr3_h1	35817497	0	0	7
Chr3_h1	35930340	0	0	7
Chr3_h1	35930449	0	0	1
Chr3_h1	36354996	0	0	1
Chr3_h1	37503428	0	0	3
Chr3_h1	37503608	0	0	115
Chr3_h1	37503716	0	0	48
Chr3_h1	37987444	0	0	1
Chr3_h1	37987478	0	0	1
Chr3_h1	37987596	0	0	1
Chr3_h1	38146603	0	0	1
Chr3_h1	38146614	0	0	1
Chr3_h1	38146640	0	0	2
Chr3_h1	38499286	0	0	1
Chr3_h1	38499332	0	0	1
Chr3_h1	39635567	0	0	2
Chr3_h1	39635641	0	0	1
Chr3_h1	39668956	0	0	1
Chr3_h1	39668973	0	0	1
Chr3_h1	42311212	0	0	1
Chr3_h1	42311258	0	0	5
Chr3_h1	42311306	0	0	9
Chr3_h1	42311314	0	0	9
Chr3_h1	42311340	0	0	9
Chr3_h1	42311403	0	0	5
Chr3_h1	42311507	0	0	2
Chr3_h1	42311645	0	0	1
Chr3_h1	42650196	0	0	5
Chr3_h1	42650469	0	0	3
Chr3_h1	42680778	0	0	1
Chr3_h1	43490538	0	0	1
Chr3_h1	43490594	0	0	1
Chr3_h1	43663351	0	0	2
Chr3_h1	44419301	0	0	1
Chr3_h1	45408647	0	0	4
Chr3_h1	45408691	0	0	6
Chr3_h1	46119447	0	0	1
Chr3_h1	46119453	1	1	0
Chr3_h1	46463793	0	0	3
Chr3_h1	46464032	0	0	83
Chr3_h1	46737912	0	0	3
Chr3_h1	47286998	0	0	1
Chr3_h1	47617472	0	0	9
Chr3_h1	47756596	0	0	6
Chr3_h1	47779866	0	0	2
Chr3_h1	47779903	0	0	2
Chr3_h1	48586307	0	0	2
Chr3_h1	49303828	0	0	3
Chr3_h1	49304553	0	0	13
Chr3_h1	49304633	0	0	6
Chr3_h1	49984432	0	0	5
Chr3_h1	50374816	0	0	3
Chr3_h1	50648166	0	0	11
Chr3_h1	50709026	0	0	19
Chr3_h1	50709096	0	0	12
Chr3_h1	50709163	0	0	5
Chr3_h1	51011311	0	0	5
Chr3_h1	51695526	0	0	3
Chr3_h1	51748435	0	0	1
Chr3_h1	51896523	0	0	4
Chr3_h1	52122400	0	0	2
Chr3_h1	52122486	0	0	2
Chr3_h1	52122494	0	0	2
Chr3_h1	52961288	0	0	1
Chr3_h1	52961405	0	0	1
Chr3_h1	53882356	0	0	6
Chr3_h1	53882391	0	0	6
Chr3_h1	53882514	0	0	2
Chr3_h1	53882589	0	0	1
Chr3_h1	54597999	0	0	7
Chr3_h1	54598450	0	0	5
Chr3_h1	54599123	0	0	5
Chr3_h1	54873595	0	0	1
Chr3_h1	54873609	0	0	1
Chr3_h1	57584211	0	0	1
Chr3_h1	58374672	0	0	11
Chr3_h1	61869955	0	0	6
Chr3_h1	61869973	0	0	7
Chr3_h1	61870103	0	0	1
Chr3_h1	61897363	0	0	2
Chr3_h1	62082430	0	0	4
Chr3_h1	62082431	0	0	4
Chr3_h1	62082495	0	0	5
Chr3_h1	62082558	0	0	3
Chr3_h1	62082626	0	0	1
Chr3_h1	62672118	0	0	2
Chr3_h1	62672273	0	0	2
Chr3_h1	63854249	0	0	13
Chr3_h1	65250139	1	1	0
Chr3_h1	65608660	0	0	6
Chr3_h1	65608679	0	0	6
Chr3_h1	66849339	0	0	4
Chr3_h1	66849352	0	0	4
Chr3_h1	66849391	0	0	4
Chr3_h1	66849393	0	0	4
Chr3_h1	66849421	0	0	5
Chr3_h1	66849470	0	0	3
Chr3_h1	66849513	0	0	3
Chr3_h1	67330321	0	0	9
Chr3_h1	67331342	0	0	2
Chr3_h1	67331800	0	0	1
Chr3_h1	67397474	0	0	1
Chr3_h1	68333423	0	0	1
Chr3_h1	68509828	0	0	9
Chr3_h1	68739581	0	0	9
Chr4_h1	1482569	0	0	1
Chr4_h1	1482758	0	0	12
Chr4_h1	1633404	0	0	2
Chr4_h1	1633559	0	0	8
Chr4_h1	1633577	0	0	7
Chr4_h1	1747555	0	0	2
Chr4_h1	3079800	0	0	8
Chr4_h1	6815269	0	0	2
Chr4_h1	7165311	0	0	4
Chr4_h1	7371853	0	0	1
Chr4_h1	7372299	0	0	2
Chr4_h1	7372366	0	0	2
Chr4_h1	8627403	0	0	4
Chr4_h1	8627560	0	0	8
Chr4_h1	8627758	0	0	1
Chr4_h1	9141958	0	0	3
Chr4_h1	9142402	0	0	3
Chr4_h1	9235862	0	0	2
Chr4_h1	9235895	0	0	2
Chr4_h1	9435483	0	0	8
Chr4_h1	9435569	0	0	10
Chr4_h1	9435592	0	0	8
Chr4_h1	10066710	0	0	1
Chr4_h1	10066882	0	0	2
Chr4_h1	10335406	0	0	3
Chr4_h1	10335593	0	0	2
Chr4_h1	11692786	0	0	1
Chr4_h1	12534477	0	0	2
Chr4_h1	12534680	0	0	12
Chr4_h1	12534845	0	0	5
Chr4_h1	14852524	0	0	5
Chr4_h1	14852673	0	0	4
Chr4_h1	14852674	0	0	4
Chr4_h1	14853126	0	0	4
Chr4_h1	15693220	0	0	20
Chr4_h1	15693928	0	0	3
Chr4_h1	16068588	0	0	1
Chr4_h1	16068619	0	0	1
Chr4_h1	16068728	0	0	1
Chr4_h1	16068762	0	0	1
Chr4_h1	16121160	0	0	5
Chr4_h1	16150230	0	0	1
Chr4_h1	16249183	0	0	3
Chr4_h1	16484770	0	0	12
Chr4_h1	16484872	0	0	12
Chr4_h1	16484996	0	0	2
Chr4_h1	17886450	0	0	10
Chr4_h1	20588043	0	0	7
Chr4_h1	21094217	0	0	3
Chr4_h1	21094218	0	0	3
Chr4_h1	21097914	0	0	1
Chr4_h1	21097930	0	0	1
Chr4_h1	21097938	0	0	1
Chr4_h1	21697174	0	0	1
Chr4_h1	22164135	0	0	2
Chr4_h1	22164341	0	0	24
Chr4_h1	22164393	0	0	17
Chr4_h1	22164419	0	0	14
Chr4_h1	22164488	0	0	7
Chr4_h1	22165172	0	0	1
Chr4_h1	22320754	0	0	10
Chr4_h1	22320827	0	0	12
Chr4_h1	22469434	0	0	1
Chr4_h1	23160152	0	0	5
Chr4_h1	23160189	0	0	17
Chr4_h1	23160319	0	0	34
Chr4_h1	23354177	0	0	2
Chr4_h1	23354179	0	0	2
Chr4_h1	24256795	0	0	11
Chr4_h1	24256863	0	0	17
Chr4_h1	24256996	0	0	3
Chr4_h1	24257009	0	0	2
Chr4_h1	24597234	0	0	3
Chr4_h1	24597376	0	0	3
Chr4_h1	25058777	0	0	9
Chr4_h1	25236439	0	0	5
Chr4_h1	25424077	0	0	9
Chr4_h1	25424127	0	0	13
Chr4_h1	25424201	0	0	11
Chr4_h1	25648820	0	0	5
Chr4_h1	34131064	0	0	4
Chr4_h1	34846776	0	0	6
Chr4_h1	34846803	0	0	4
Chr4_h1	34846823	0	0	3
Chr4_h1	36385538	0	0	10
Chr4_h1	38036121	0	0	2
Chr4_h1	38071081	0	0	1
Chr4_h1	38071114	0	0	2
Chr4_h1	38071154	0	0	12
Chr4_h1	38071195	0	0	24
Chr4_h1	38071286	0	0	38
Chr4_h1	38071307	0	0	38
Chr4_h1	38071343	0	0	30
Chr4_h1	38071469	0	0	5
Chr4_h1	38071574	0	0	2
Chr4_h1	38122252	0	0	6
Chr4_h1	38122285	0	0	3
Chr4_h1	38386364	0	0	2
Chr4_h1	38386376	0	0	2
Chr4_h1	38879168	0	0	10
Chr4_h1	40990247	0	0	2
Chr4_h1	41117358	0	0	8
Chr4_h1	41117435	0	0	11
Chr4_h1	41117492	0	0	9
Chr4_h1	41117509	0	0	7
Chr4_h1	43808493	0	0	4
Chr4_h1	43808764	0	0	6
Chr4_h1	43808905	0	0	21
Chr4_h1	43809036	0	0	7
Chr4_h1	43809068	0	0	5
Chr4_h1	46617659	0	0	5
Chr4_h1	47047041	0	0	22
Chr4_h1	48153753	0	0	5
Chr4_h1	48153771	0	0	8
Chr4_h1	48153819	0	0	10
Chr4_h1	48153861	0	0	7
Chr4_h1	48153870	0	0	7
Chr4_h1	48153927	0	0	4
Chr4_h1	49605135	0	0	4
Chr4_h1	52003881	0	0	8
Chr4_h1	55074789	0	0	6
Chr4_h1	55074857	0	0	1
Chr4_h1	55995540	0	0	36
Chr4_h1	56561771	0	0	4
Chr4_h1	56561844	0	0	7
Chr4_h1	56561851	0	0	7
Chr4_h1	56561868	0	0	7
Chr4_h1	56561907	0	0	5
Chr4_h1	56561939	0	0	5
Chr4_h1	56738595	0	0	10
Chr4_h1	58514423	0	0	4
Chr4_h1	59868673	0	0	1
Chr4_h1	59868715	0	0	3
Chr4_h1	59868724	0	0	2
Chr4_h1	60162192	0	0	1
Chr4_h1	61463952	0	0	9
Chr4_h1	61464215	0	0	1
Chr4_h1	61506757	0	0	9
Chr4_h1	61506781	0	0	16
Chr4_h1	62877815	0	0	3
Chr4_h1	62877830	0	0	3
Chr4_h1	62877830	0.5	4	1
Chr4_h1	62877887	0	0	8
Chr4_h1	62971424	0	0	1
Chr4_h1	62971471	0	0	1
Chr4_h1	63515825	0	0	9
Chr4_h1	63541220	0	0	1
Chr4_h1	63541364	0	0	1
Chr4_h1	63556714	0	0	7
Chr4_h1	64092136	0	0	26
Chr4_h1	64092151	0	0	26
Chr4_h1	64153977	0	0	6
Chr5_h1	3022496	1	11	0
Chr5_h1	3022601	1	27	0
Chr5_h1	3056288	1	2	0
Chr5_h1	3056289	1	2	0
Chr5_h1	3056339	1	3	0
Chr5_h1	3114653	1	3	0
Chr5_h1	3114706	1	3	0
Chr5_h1	5171924	0	0	1
Chr5_h1	5171982	0	0	3
Chr5_h1	5171985	0	0	3
Chr5_h1	5171988	0	0	3
Chr5_h1	5172011	0	0	4
Chr5_h1	5172062	0	0	3
Chr5_h1	5286538	0	0	4
Chr5_h1	5286554	0	0	3
Chr5_h1	5653173	0	0	6
Chr5_h1	5941648	1	3	0
Chr5_h1	7302312	0	0	1
Chr5_h1	7302315	0	0	1
Chr5_h1	8068073	0	0	4
Chr5_h1	8068127	0	0	8
Chr5_h1	9257253	0	0	17
Chr5_h1	10468300	0	0	7
Chr5_h1	10468392	0	0	12
Chr5_h1	13087625	0	0	1
Chr5_h1	14881160	1	7	0
Chr5_h1	15490388	0	0	4
Chr5_h1	15490981	0	0	4
Chr5_h1	15491033	0	0	4
Chr5_h1	15491039	0	0	4
Chr5_h1	15491087	0	0	6
Chr5_h1	15973914	0	0	1
Chr5_h1	15973915	0	0	1
Chr5_h1	15973916	0	0	1
Chr5_h1	15974852	0	0	6
Chr5_h1	15974897	0	0	7
Chr5_h1	15974961	0	0	9
Chr5_h1	16064023	0	0	1
Chr5_h1	16064059	0	0	4
Chr5_h1	16623970	0	0	1
Chr5_h1	16624267	0	0	9
Chr5_h1	16624348	0	0	2
Chr5_h1	16624364	0	0	1
Chr5_h1	17283760	0	0	7
Chr5_h1	17283801	0	0	9
Chr5_h1	18163119	0	0	2
Chr5_h1	20125224	0	0	1
Chr5_h1	20136337	0	0	26
Chr5_h1	21594604	0	0	1
Chr5_h1	21594644	0	0	1
Chr5_h1	21594658	0	0	1
Chr5_h1	21594730	0	0	3
Chr5_h1	21594902	0	0	14
Chr5_h1	21594919	0	0	13
Chr5_h1	21594975	0	0	9
Chr5_h1	21594991	0	0	6
Chr5_h1	21595003	0	0	4
Chr5_h1	21595042	0	0	4
Chr5_h1	21595092	0	0	2
Chr5_h1	21595104	0	0	2
Chr5_h1	21647861	0	0	6
Chr5_h1	21647905	0	0	6
Chr5_h1	21647909	0	0	6
Chr5_h1	22769977	0	1	197
Chr5_h1	22864963	0	0	1
Chr5_h1	22864967	0	0	1
Chr5_h1	22865062	0	0	1
Chr5_h1	24011166	0	0	1
Chr5_h1	24689239	0	0	1
Chr5_h1	24689250	0	0	1
Chr5_h1	24689253	0	0	1
Chr5_h1	24689506	0	0	2
Chr5_h1	24927497	0	0	1
Chr5_h1	25060080	0	0	11
Chr5_h1	25304433	0	0	1
Chr5_h1	25304686	0	0	2
Chr5_h1	25897478	0	0	2
Chr5_h1	29943389	0	0	4
Chr5_h1	32857147	0	0	3
Chr5_h1	32857208	0	0	4
Chr5_h1	33076933	0	0	6
Chr5_h1	33077013	0	0	12
Chr5_h1	33077037	0	0	12
Chr5_h1	33077067	0	0	9
Chr5_h1	33077106	0	0	4
Chr5_h1	33077160	0	0	1
Chr5_h1	33816979	0	0	3
Chr5_h1	33817038	0	0	5
Chr5_h1	35580868	0	0	4
Chr5_h1	35946229	0	0	23
Chr5_h1	35946360	0	0	50
Chr5_h1	35946377	0	0	49
Chr5_h1	35946437	0	0	34
Chr5_h1	35946557	0	0	6
Chr5_h1	36018843	0	0	1
Chr5_h1	37087404	0	0	4
Chr5_h1	37087593	0	0	7
Chr5_h1	37087709	0	0	2
Chr5_h1	37087771	0	0	1
Chr5_h1	37184531	0	0	1
Chr5_h1	37293849	0	0	7
Chr5_h1	37294058	0	0	1
Chr5_h1	37423690	0	0	2
Chr5_h1	37601115	0	0	1
Chr5_h1	37601246	0	0	8
Chr5_h1	37632430	1	4	0
Chr5_h1	37632500	0	0	9
Chr5_h1	37679141	0	0	1
Chr5_h1	38243092	0	0	8
Chr5_h1	38304478	0	0	2
Chr5_h1	38304512	0	0	4
Chr5_h1	38666914	0	0	4
Chr5_h1	39229513	0	0	6
Chr5_h1	39229601	0	0	1
Chr5_h1	39412807	0	0	2
Chr5_h1	39412822	0	0	1
Chr5_h1	39412978	0	0	1
Chr5_h1	39661243	0	0	2
Chr5_h1	39739605	0	0	2
Chr5_h1	39739723	0	0	9
Chr5_h1	39739726	0	0	9
Chr5_h1	40201702	0	0	2
Chr5_h1	41383011	0	0	9
Chr5_h1	41383073	0	0	10
Chr5_h1	41383091	0	0	10
Chr5_h1	41668656	0	0	2
Chr5_h1	41694057	0	0	3
Chr5_h1	41694060	0	0	3
Chr5_h1	41694108	0	0	1
Chr5_h1	41852751	0	0	1
Chr5_h1	41992600	0	0	22
Chr5_h1	41992625	0	0	25
Chr5_h1	41992778	0	0	12
Chr5_h1	46044775	0	0	5
Chr5_h1	46682563	0	0	2
Chr5_h1	46682579	0	0	2
Chr5_h1	46682610	0	0	3
Chr5_h1	46682637	0	0	5
Chr5_h1	46682701	0	0	3
Chr5_h1	46683040	0	0	3
Chr5_h1	46683244	0	0	1
Chr5_h1	47548731	0	0	1
Chr5_h1	47548735	0	0	1
Chr5_h1	49799540	0	0	10
Chr5_h1	49799624	0	0	9
Chr5_h1	49799720	0	0	2
Chr5_h1	49813095	0	0	2
Chr5_h1	49813369	0	0	4
Chr5_h1	50497856	0	0	5
Chr5_h1	50497922	0	0	11
Chr5_h1	50498050	0	0	5
Chr5_h1	53528724	0	0	1
Chr5_h1	53528739	0	0	1
Chr5_h1	53529107	0	0	13
Chr5_h1	53529116	0	1	11
Chr5_h1	53965763	0	0	2
Chr5_h1	63212485	0	0	1
Chr5_h1	63212679	0	0	9
Chr5_h1	64356214	0	0	10
Chr5_h1	65041924	0	0	4
Chr5_h1	65080417	0	0	10
Chr5_h1	65080464	0	0	6
Chr5_h1	65080503	0	0	3
Chr5_h1	66779348	0	1	8
Chr5_h1	66779474	0	0	29
Chr5_h1	67120256	0	0	9
Chr5_h1	67122673	0	0	5
Chr5_h1	67379182	0	0	5
Chr5_h1	67379207	0.5	4	4
Chr5_h1	68118189	0	0	17
