Chr1_h1	1393948	0	0	7
Chr1_h1	15762221	1	1	0
Chr1_h1	15762260	1	1	0
Chr1_h1	15762422	1	1	0
Chr1_h1	20397365	1	4	0
Chr1_h1	20812816	1	8	0
Chr1_h1	20812913	1	8	0
Chr1_h1	20812955	1	7	0
Chr1_h1	20812972	1	5	0
Chr1_h1	20812980	1	5	0
Chr1_h1	23072643	1	5	0
Chr1_h1	23072680	1	2	0
Chr1_h1	23877488	1	1	0
Chr1_h1	23877490	1	1	0
Chr1_h1	23877502	1	1	0
Chr1_h1	23877584	1	2	0
Chr1_h1	23877608	1	3	0
Chr1_h1	23877620	1	3	0
Chr1_h1	29982488	1	3	0
Chr1_h1	29985153	0.5	2	1
Chr1_h1	31147312	1	1	0
Chr1_h1	32386101	1	5	0
Chr1_h1	33271552	0	0	1
Chr1_h1	34902356	1	2	0
Chr1_h1	34902567	1	16	0
Chr1_h1	34902602	1	20	0
Chr1_h1	34902607	1	21	0
Chr1_h1	34902634	1	21	0
Chr1_h1	34902722	1	12	0
Chr1_h1	35282931	1	1	0
Chr1_h1	35282942	0	0	1
Chr1_h1	35282996	0	0	1
Chr1_h1	35283135	1	6	0
Chr1_h1	36113513	1	3	0
Chr1_h1	37042506	1	1	0
Chr1_h1	37042650	1	2	0
Chr1_h1	37042652	1	2	0
Chr1_h1	37042995	1	3	0
Chr1_h1	37043050	1	9	0
Chr1_h1	37972080	1	1	0
Chr1_h1	37972219	1	6	0
Chr1_h1	38502518	1	3	0
Chr1_h1	38502572	1	5	0
Chr1_h1	38502596	1	4	0
Chr1_h1	38550674	0	0	1
Chr1_h1	40406285	1	4	0
Chr1_h1	40971472	1	4	0
Chr1_h1	41158542	1	1	0
Chr1_h1	41383167	1	1	0
Chr1_h1	41933317	1	4	0
Chr1_h1	42847655	1	1	0
Chr1_h1	43545285	1	6	0
Chr1_h1	43545418	1	3	0
Chr1_h1	43545421	1	3	0
Chr1_h1	43798341	1	1	0
Chr1_h1	48916839	1	6	0
Chr1_h1	50521507	1	6	0
Chr1_h1	50542323	1	1	0
Chr1_h1	51219335	1	2	0
Chr1_h1	52356597	1	4	0
Chr1_h1	52960755	1	1	0
Chr1_h1	52961230	1	5	0
Chr1_h1	52961331	1	1	0
Chr1_h1	55996108	1	13	0
Chr1_h1	55996172	1	8	0
Chr1_h1	62494807	1	1	0
Chr1_h1	62495406	1	1	0
Chr1_h1	62519884	1	2	0
Chr1_h1	62519887	1	2	0
Chr1_h1	62520050	1	1	0
Chr1_h1	62646236	1	1	0
Chr1_h1	63138718	1	2	0
Chr1_h1	63138819	1	6	0
Chr1_h1	63711393	1	3	0
Chr1_h1	63711467	1	3	0
Chr1_h1	63711584	1	9	0
Chr1_h1	65908574	1	2	0
Chr1_h1	65908747	1	17	0
Chr1_h1	66056376	1	13	0
Chr1_h1	66056438	1	25	0
Chr1_h1	66056533	1	21	0
Chr1_h1	66056641	1	1	0
Chr1_h1	66056714	1	1	0
Chr1_h1	66056729	1	1	0
Chr1_h1	68121555	1	1	0
Chr1_h1	68121713	1	2	0
Chr1_h1	68121846	1	15	0
Chr1_h1	69215231	0.5	3	1
Chr1_h1	69215235	1	5	0
Chr1_h1	69215238	1	5	0
Chr1_h1	69215239	1	5	0
Chr1_h1	69215253	1	5	1
Chr1_h1	69215825	1	1	0
Chr1_h1	69215846	1	1	0
Chr1_h1	69399662	1	7	0
Chr1_h1	69399930	1	1	0
Chr1_h1	69442579	1	8	0
Chr1_h1	69442625	1	6	0
Chr1_h1	69442758	1	2	0
Chr1_h1	71422874	1	2	0
Chr1_h1	72750452	1	1	0
Chr1_h1	74361055	1	1	0
Chr1_h1	76517206	1	5	0
Chr1_h1	77707210	1	2	0
Chr1_h1	79271757	1	2	0
Chr1_h1	80820102	1	1	0
Chr1_h1	80861210	1	17	1
Chr1_h1	80880842	0	0	1
Chr1_h1	81172085	1	2	0
Chr1_h1	83420895	1	1	0
Chr1_h1	84825922	1	1	0
Chr1_h1	86143487	0	0	4
Chr1_h1	86143584	0	0	2
Chr1_h1	86320835	0	0	3
Chr1_h1	86321003	0	0	7
Chr1_h1	86321045	0	0	10
Chr1_h1	86321161	0	0	3
Chr1_h1	87759394	1	2	0
Chr2_h1	1248702	1	2	0
Chr2_h1	1248713	1	2	0
Chr2_h1	1248803	1	9	0
Chr2_h1	1248877	1	6	0
Chr2_h1	1512294	1	2	0
Chr2_h1	2003342	1	5	0
Chr2_h1	2003667	1	6	0
Chr2_h1	2003683	1	3	0
Chr2_h1	6878537	1	9	0
Chr2_h1	7007342	1	8	0
Chr2_h1	7007434	1	8	0
Chr2_h1	8253387	1	1	0
Chr2_h1	9333645	1	6	0
Chr2_h1	12490976	1	1	0
Chr2_h1	12491306	1	2	0
Chr2_h1	14156002	1	2	0
Chr2_h1	16201875	1	1	0
Chr2_h1	19483202	1	8	0
Chr2_h1	19483317	1	10	0
Chr2_h1	19483341	1	10	0
Chr2_h1	19483371	1	5	1
Chr2_h1	19483418	1	3	0
Chr2_h1	21289641	1	2	0
Chr2_h1	21292377	1	1	0
Chr2_h1	21292439	1	2	0
Chr2_h1	21292516	1	3	0
Chr2_h1	21292595	1	8	0
Chr2_h1	21292597	1	8	0
Chr2_h1	21292670	1	7	0
Chr2_h1	22640164	1	7	0
Chr2_h1	25034624	1	5	0
Chr2_h1	25194243	1	1	0
Chr2_h1	25194390	1	5	0
Chr2_h1	25488043	1	1	0
Chr2_h1	25488138	1	3	0
Chr2_h1	25488161	1	3	0
Chr2_h1	25488287	1	2	0
Chr2_h1	26498290	1	5	0
Chr2_h1	26500002	1	6	0
Chr2_h1	26654670	1	2	0
Chr2_h1	26654718	1	4	0
Chr2_h1	26804059	1	3	0
Chr2_h1	28779354	0	0	6
Chr2_h1	28779356	0	0	6
Chr2_h1	28779385	0	0	7
Chr2_h1	28779393	0	0	8
Chr2_h1	28779414	0	0	7
Chr2_h1	28779458	0	0	6
Chr2_h1	29180306	0	0	1
Chr2_h1	31430191	0	0	11
Chr2_h1	31430305	0	0	10
Chr2_h1	34587495	0	0	1
Chr2_h1	34587524	0	0	1
Chr2_h1	41152758	0	0	6
Chr2_h1	44824239	0	0	7
Chr2_h1	44824288	0	0	4
Chr2_h1	48355263	0	0	1
Chr2_h1	50420773	0	0	4
Chr2_h1	56070240	0	0	4
Chr2_h1	57273075	0	0	1
Chr2_h1	57273102	0	0	2
Chr2_h1	57273197	0	0	3
Chr2_h1	59136742	1	20	0
Chr2_h1	59136772	1	14	0
Chr2_h1	59136773	1	13	0
Chr2_h1	59136797	1	10	0
Chr2_h1	59136868	1	5	0
Chr2_h1	59136875	1	3	0
Chr2_h1	64195430	0.5	1	3
Chr2_h1	64195477	0.5	11	11
Chr2_h1	66004208	0	0	4
Chr2_h1	66004218	0	0	4
Chr2_h1	66004223	0	0	4
Chr2_h1	66004251	0	0	7
Chr2_h1	66370065	0	0	3
Chr2_h1	66641332	0	0	3
Chr2_h1	69460936	1	19	0
Chr2_h1	69460960	1	12	0
Chr2_h1	69461022	1	8	0
Chr3_h1	1218067	1	27	0
Chr3_h1	1218097	0	0	25
Chr3_h1	1289377	0	0	2
Chr3_h1	1289411	0	0	2
Chr3_h1	1366851	0	0	14
Chr3_h1	1651270	0	0	11
Chr3_h1	1651506	0	0	21
Chr3_h1	8422010	0	0	1
Chr3_h1	8422962	1	10	0
Chr3_h1	8422969	1	11	0
Chr3_h1	8422980	1	11	0
Chr3_h1	8423014	1	14	0
Chr3_h1	8423075	1	9	0
Chr3_h1	8423102	1	6	0
Chr3_h1	8423151	1	3	0
Chr3_h1	15306112	1	1	0
Chr3_h1	16414221	1	3	0
Chr3_h1	16705236	1	11	0
Chr3_h1	16705431	1	4	0
Chr3_h1	18352780	1	1	0
Chr3_h1	19732145	1	9	0
Chr3_h1	19732295	1	4	0
Chr3_h1	19732298	1	3	0
Chr3_h1	19767194	1	1	0
Chr3_h1	20456663	1	2	0
Chr3_h1	25081803	1	1	0
Chr3_h1	25081804	1	1	0
Chr3_h1	26119265	1	1	0
Chr3_h1	27663464	1	8	0
Chr3_h1	28134850	1	7	0
Chr3_h1	28134950	1	6	0
Chr3_h1	28134995	1	5	0
Chr3_h1	29047411	1	3	0
Chr3_h1	29047562	1	4	0
Chr3_h1	31842734	1	1	0
Chr3_h1	32642149	1	2	0
Chr3_h1	35241748	1	1	0
Chr3_h1	35242013	1	5	0
Chr3_h1	35242105	1	6	0
Chr3_h1	35339080	1	5	0
Chr3_h1	36265840	1	1	0
Chr3_h1	36265890	1	4	0
Chr3_h1	36265903	1	5	0
Chr3_h1	36265957	1	6	0
Chr3_h1	36265976	1	5	0
Chr3_h1	36265978	1	5	0
Chr3_h1	36266028	1	2	0
Chr3_h1	36266038	1	2	0
Chr3_h1	36355089	1	4	0
Chr3_h1	36989919	1	2	0
Chr3_h1	37330360	1	1	0
Chr3_h1	37330484	1	13	0
Chr3_h1	37503428	1	3	0
Chr3_h1	37503608	1	25	0
Chr3_h1	37503716	1	18	0
Chr3_h1	39524652	1	2	0
Chr3_h1	39524814	1	11	0
Chr3_h1	42514664	1	5	0
Chr3_h1	42901460	1	6	0
Chr3_h1	42901637	1	6	0
Chr3_h1	42901652	1	5	0
Chr3_h1	43130248	1	1	0
Chr3_h1	43130299	1	1	0
Chr3_h1	44419301	1	2	0
Chr3_h1	45367561	1	1	0
Chr3_h1	45367844	1	5	0
Chr3_h1	45367943	1	5	0
Chr3_h1	45406566	1	4	0
Chr3_h1	46247403	1	2	0
Chr3_h1	46464032	1	3	0
Chr3_h1	47262573	1	2	0
Chr3_h1	47806832	1	6	0
Chr3_h1	47850469	1	3	0
Chr3_h1	48001336	1	5	0
Chr3_h1	48001517	1	2	0
Chr3_h1	48001519	1	2	0
Chr3_h1	48907113	1	1	0
Chr3_h1	49586931	1	2	0
Chr3_h1	49587028	1	3	0
Chr3_h1	50031081	1	3	0
Chr3_h1	50031173	1	2	0
Chr3_h1	51037561	1	9	0
Chr3_h1	51037650	1	7	0
Chr3_h1	51376135	1	4	0
Chr3_h1	51379086	1	10	0
Chr3_h1	51412908	1	1	0
Chr3_h1	51746647	1	9	0
Chr3_h1	51747096	1	11	0
Chr3_h1	51747136	1	3	0
Chr3_h1	51748435	1	10	0
Chr3_h1	51875459	1	6	0
Chr3_h1	54554293	0	0	2
Chr3_h1	54554431	0	0	11
Chr3_h1	54554540	0	0	7
Chr3_h1	54554541	0	0	7
Chr3_h1	54554748	0	0	1
Chr3_h1	58845657	1	11	0
Chr3_h1	58845726	1	8	0
Chr3_h1	60875840	1	2	0
Chr3_h1	61358656	1	2	0
Chr3_h1	61359195	1	5	0
Chr3_h1	61359211	1	5	0
Chr3_h1	61359224	1	5	0
Chr3_h1	61359243	1	5	0
Chr3_h1	61359292	1	5	0
Chr3_h1	61359362	1	3	0
Chr3_h1	61359372	1	3	0
Chr3_h1	61359435	1	1	0
Chr3_h1	61359436	1	1	0
Chr3_h1	64035158	1	10	0
Chr3_h1	64035268	1	2	0
Chr3_h1	64035306	1	1	0
Chr3_h1	67428429	1	4	0
Chr4_h1	7437030	1	1	0
Chr4_h1	7437085	1	1	0
Chr4_h1	7437323	1	1	0
Chr4_h1	8240168	1	11	1
Chr4_h1	8240260	1	8	0
Chr4_h1	8320770	1	2	0
Chr4_h1	8519755	0	0	1
Chr4_h1	8519806	0	0	1
Chr4_h1	8519807	0	0	1
Chr4_h1	8520494	0	0	6
Chr4_h1	9433083	1	1	0
Chr4_h1	10969051	1	1	0
Chr4_h1	10969061	1	1	0
Chr4_h1	10969134	1	1	0
Chr4_h1	10969143	1	1	0
Chr4_h1	10969145	1	1	0
Chr4_h1	11371594	1	1	0
Chr4_h1	11371595	1	2	0
Chr4_h1	11371708	1	7	0
Chr4_h1	11692550	1	3	0
Chr4_h1	12335294	1	1	0
Chr4_h1	12336305	1	1	0
Chr4_h1	14841440	1	3	0
Chr4_h1	14912097	1	8	0
Chr4_h1	14912103	1	5	0
Chr4_h1	16121160	1	5	0
Chr4_h1	17299597	0	0	1
Chr4_h1	17299599	1	1	0
Chr4_h1	17775816	1	1	0
Chr4_h1	17775962	1	9	0
Chr4_h1	17775998	1	8	0
Chr4_h1	17811041	1	2	0
Chr4_h1	20011659	1	10	0
Chr4_h1	20011769	1	5	0
Chr4_h1	20011802	1	2	0
Chr4_h1	20022521	1	1	0
Chr4_h1	20022658	1	2	0
Chr4_h1	20022680	1	1	0
Chr4_h1	20062441	1	1	0
Chr4_h1	20407558	1	2	0
Chr4_h1	22194810	1	10	0
Chr4_h1	22194854	1	8	0
Chr4_h1	22870389	1	2	0
Chr4_h1	24069059	1	1	0
Chr4_h1	24069080	1	2	0
Chr4_h1	24672661	1	4	0
Chr4_h1	24672671	1	5	0
Chr4_h1	24672776	1	9	0
Chr4_h1	24672786	1	7	0
Chr4_h1	24672790	1	9	0
Chr4_h1	24672833	1	6	0
Chr4_h1	24987457	1	1	0
Chr4_h1	24987483	1	1	0
Chr4_h1	24987502	1	1	0
Chr4_h1	24987529	1	2	0
Chr4_h1	24987550	1	4	0
Chr4_h1	24987563	1	4	0
Chr4_h1	24987575	1	5	0
Chr4_h1	24987649	1	8	0
Chr4_h1	24987686	1	10	0
Chr4_h1	24987788	1	3	0
Chr4_h1	25155039	1	5	0
Chr4_h1	25223042	1	1	0
Chr4_h1	25223063	1	1	0
Chr4_h1	25648820	1	1	0
Chr4_h1	34010897	1	1	0
Chr4_h1	34169308	1	2	0
Chr4_h1	36340010	1	2	0
Chr4_h1	36340079	1	2	0
Chr4_h1	37621476	1	19	0
Chr4_h1	37621543	1	12	0
Chr4_h1	37623108	1	1	0
Chr4_h1	40758476	1	1	0
Chr4_h1	41005957	1	3	0
Chr4_h1	41005967	1	3	0
Chr4_h1	43448611	1	1	0
Chr4_h1	45459852	1	1	0
Chr4_h1	47047041	1	11	0
Chr4_h1	48684677	1	1	0
Chr4_h1	51539985	1	2	0
Chr4_h1	51540012	1	2	0
Chr4_h1	51667650	1	1	0
Chr4_h1	51667700	1	3	0
Chr4_h1	51667883	1	12	0
Chr4_h1	51667952	1	10	0
Chr4_h1	51668102	1	1	0
Chr4_h1	52906064	1	3	0
Chr4_h1	52941626	1	1	0
Chr4_h1	52941631	1	2	0
Chr4_h1	52941664	1	3	0
Chr4_h1	55995540	1	8	0
Chr4_h1	60162192	1	2	0
Chr5_h1	7302312	0	0	1
Chr5_h1	7302315	0	0	1
Chr5_h1	8802088	0	0	1
Chr5_h1	10614015	0	0	3
Chr5_h1	10614034	0	0	3
Chr5_h1	10614087	0	0	2
Chr5_h1	10837182	0	0	1
Chr5_h1	10837205	0	0	1
Chr5_h1	10837277	0	0	3
Chr5_h1	10837447	0	0	2
Chr5_h1	10837448	0	0	2
Chr5_h1	10837458	0	0	2
Chr5_h1	10837507	0	0	2
Chr5_h1	12948739	1	8	0
Chr5_h1	12948745	1	8	0
Chr5_h1	12948866	1	10	0
Chr5_h1	14451686	1	2	0
Chr5_h1	14452075	1	7	0
Chr5_h1	14452409	1	9	0
Chr5_h1	15701766	1	7	0
Chr5_h1	15701816	1	13	0
Chr5_h1	15701845	1	14	0
Chr5_h1	16245833	1	1	0
Chr5_h1	20652291	1	15	0
Chr5_h1	22637990	1	1	0
Chr5_h1	22638051	1	1	0
Chr5_h1	22638202	1	1	0
Chr5_h1	22769977	1	12	0
Chr5_h1	23361363	1	16	0
Chr5_h1	25225938	1	2	0
Chr5_h1	25344544	1	2	0
Chr5_h1	25707707	1	2	0
Chr5_h1	25707789	1	2	0
Chr5_h1	30022450	1	1	0
Chr5_h1	33076818	1	2	0
Chr5_h1	33076933	1	7	0
Chr5_h1	33077013	1	8	0
Chr5_h1	33077037	0.5	4	1
Chr5_h1	33077067	1	6	0
Chr5_h1	33077106	1	3	0
Chr5_h1	33077160	1	2	0
Chr5_h1	35946229	1	6	0
Chr5_h1	35946360	1	16	0
Chr5_h1	35946377	1	18	0
Chr5_h1	35946437	1	13	0
Chr5_h1	35946557	1	5	0
Chr5_h1	37209220	1	5	0
Chr5_h1	37209273	1	2	0
Chr5_h1	37209274	1	2	0
Chr5_h1	37373934	1	1	0
Chr5_h1	37373986	1	2	0
Chr5_h1	37374092	1	6	0
Chr5_h1	37374138	1	6	0
Chr5_h1	37636569	1	1	0
Chr5_h1	38522819	1	3	0
Chr5_h1	38522920	1	7	0
Chr5_h1	38523029	1	4	0
Chr5_h1	38523124	1	1	0
Chr5_h1	41884436	1	6	0
Chr5_h1	41884569	1	4	0
Chr5_h1	42253308	1	4	0
Chr5_h1	53528739	1	2	0
Chr5_h1	53529107	1	2	0
Chr5_h1	53529116	1	2	0
Chr5_h1	53552127	1	4	0
Chr5_h1	53917640	1	6	0
Chr5_h1	53917688	1	4	0
Chr5_h1	54028877	1	1	0
Chr5_h1	54028878	1	1	0
Chr5_h1	54028953	1	1	0
Chr5_h1	54028957	1	1	0
Chr5_h1	66779348	1	2	0
Chr5_h1	66919293	1	1	0
Chr5_h1	68118189	1	4	0
