Chr1_h1	3446066	0	0	3
Chr1_h1	3446078	0	0	3
Chr1_h1	3446207	0	0	2
Chr1_h1	4543842	0	0	3
Chr1_h1	5143388	0	0	2
Chr1_h1	5679353	0	0	1
Chr1_h1	8863199	0	0	3
Chr1_h1	8863228	0	0	1
Chr1_h1	15756373	0	0	6
Chr1_h1	15756450	0	0	4
Chr1_h1	20812816	0	0	11
Chr1_h1	20812913	0	0	14
Chr1_h1	20812955	0	0	11
Chr1_h1	20812972	0	0	9
Chr1_h1	20812980	0	0	6
Chr1_h1	23049375	0	0	1
Chr1_h1	23467574	0	0	3
Chr1_h1	23467628	0	0	2
Chr1_h1	23801096	0	0	5
Chr1_h1	24708845	0	0	6
Chr1_h1	24708854	0	0	6
Chr1_h1	24708920	0	0	7
Chr1_h1	24712185	0	0	1
Chr1_h1	24712225	0	0	2
Chr1_h1	24712247	0	0	3
Chr1_h1	24712726	0	0	4
Chr1_h1	24712740	0	0	2
Chr1_h1	24712741	0	0	2
Chr1_h1	27995906	0	0	8
Chr1_h1	27997886	0	0	1
Chr1_h1	28033048	0	0	16
Chr1_h1	29596704	0	0	3
Chr1_h1	29596728	0	0	2
Chr1_h1	29596818	0	0	1
Chr1_h1	32460670	0	0	10
Chr1_h1	33078272	0	0	10
Chr1_h1	33959599	0	0	4
Chr1_h1	34902356	0.5	2	7
Chr1_h1	34902567	0	8	37
Chr1_h1	34902602	0	7	45
Chr1_h1	34902607	0	7	45
Chr1_h1	34902634	0	8	52
Chr1_h1	34902722	0	3	40
Chr1_h1	34990103	0	0	7
Chr1_h1	36550396	0	0	6
Chr1_h1	36550434	0	0	8
Chr1_h1	36550561	0	0	1
Chr1_h1	36550577	0	0	1
Chr1_h1	38550674	0	0	11
Chr1_h1	38550809	0	0	4
Chr1_h1	38678805	0	0	3
Chr1_h1	38678998	0	0	8
Chr1_h1	41986255	0	0	8
Chr1_h1	43798341	0	0	16
Chr1_h1	48826164	0	0	2
Chr1_h1	51070546	0	0	1
Chr1_h1	51070547	0	0	1
Chr1_h1	51070556	0	0	1
Chr1_h1	51070562	0	0	1
Chr1_h1	51071116	0	0	12
Chr1_h1	51074039	0	0	3
Chr1_h1	51074055	0	0	3
Chr1_h1	51661508	0	0	1
Chr1_h1	51661739	0	0	5
Chr1_h1	51661767	0	0	6
Chr1_h1	51661800	0	0	4
Chr1_h1	52166735	0	0	4
Chr1_h1	52166777	0	0	4
Chr1_h1	52738386	0	0	1
Chr1_h1	52932903	0	0	9
Chr1_h1	52933036	0	0	1
Chr1_h1	52933044	0	0	1
Chr1_h1	55964266	1	2	0
Chr1_h1	55964279	1	2	0
Chr1_h1	56364951	0	0	7
Chr1_h1	56527979	0	0	1
Chr1_h1	56528026	0	0	2
Chr1_h1	56528092	0	0	2
Chr1_h1	56528124	0	0	1
Chr1_h1	56528128	0	0	1
Chr1_h1	57679432	0	0	1
Chr1_h1	57679444	0	0	1
Chr1_h1	58213046	0	0	1
Chr1_h1	58213051	0	0	1
Chr1_h1	62495406	0	0	6
Chr1_h1	62515580	0	0	1
Chr1_h1	62515677	0	0	1
Chr1_h1	62515702	0	0	2
Chr1_h1	62515706	0	0	2
Chr1_h1	62751554	0	0	6
Chr1_h1	62751676	0	0	7
Chr1_h1	62949988	0	0	8
Chr1_h1	62950038	0	0	3
Chr1_h1	62950132	0	0	1
Chr1_h1	62950138	0	0	1
Chr1_h1	62950139	0	0	1
Chr1_h1	63448114	0	0	1
Chr1_h1	65908574	0	0	6
Chr1_h1	65908747	0	0	25
Chr1_h1	66056376	0	0	17
Chr1_h1	66056438	0	0	32
Chr1_h1	66056533	0	0	29
Chr1_h1	66056641	0	0	3
Chr1_h1	67329356	0	0	7
Chr1_h1	67329412	0	0	12
Chr1_h1	67329500	0	0	6
Chr1_h1	67329549	0	0	2
Chr1_h1	67759326	0	0	3
Chr1_h1	67759350	0	0	3
Chr1_h1	67759478	0	0	3
Chr1_h1	67759523	0	0	1
Chr1_h1	67759592	0	0	1
Chr1_h1	68992535	0	0	7
Chr1_h1	68992669	0	0	14
Chr1_h1	68992804	0	0	3
Chr1_h1	69215103	0	0	11
Chr1_h1	69215231	0	0	25
Chr1_h1	69215235	1	25	0
Chr1_h1	69215238	0	0	25
Chr1_h1	69215239	0	0	25
Chr1_h1	69215253	0	0	36
Chr1_h1	69215825	0	0	2
Chr1_h1	69221606	1	1	0
Chr1_h1	70499673	0	0	6
Chr1_h1	70555184	1	10	0
Chr1_h1	70555265	0	0	5
Chr1_h1	70555267	0	0	5
Chr1_h1	71468502	0	0	10
Chr1_h1	71623517	0	0	1
Chr1_h1	71888689	0	0	10
Chr1_h1	71890015	0	0	2
Chr1_h1	71890331	0	0	1
Chr1_h1	73215818	0	0	2
Chr1_h1	74445763	0	0	1
Chr1_h1	74674517	0	0	2
Chr1_h1	76074982	1	1	0
Chr1_h1	76988687	0	0	1
Chr1_h1	78015740	0	0	1
Chr1_h1	80861210	0	0	3
Chr1_h1	82637855	0	0	12
Chr1_h1	83765363	0	0	3
Chr1_h1	83765534	0	0	10
Chr1_h1	83765637	0	0	2
Chr1_h1	83792071	0	0	2
Chr1_h1	83820521	0	0	8
Chr1_h1	83879558	0	0	5
Chr1_h1	84535685	0	0	4
Chr1_h1	86484826	0	0	4
Chr1_h1	86484928	0	0	1
Chr2_h1	762770	1	9	0
Chr2_h1	2003342	1	13	0
Chr2_h1	2003667	1	24	0
Chr2_h1	2003683	1	14	0
Chr2_h1	3902218	1	2	0
Chr2_h1	4575913	1	3	0
Chr2_h1	4697900	1	1	0
Chr2_h1	8142446	1	1	0
Chr2_h1	8142513	1	2	0
Chr2_h1	10198917	1	5	0
Chr2_h1	11354307	1	5	0
Chr2_h1	14206729	1	11	0
Chr2_h1	16744697	1	5	0
Chr2_h1	16744699	1	5	0
Chr2_h1	16744735	1	4	0
Chr2_h1	17126204	1	1	0
Chr2_h1	17126282	1	4	0
Chr2_h1	17126340	1	8	0
Chr2_h1	17126350	1	8	0
Chr2_h1	17126354	1	7	0
Chr2_h1	17126366	1	7	0
Chr2_h1	17126397	1	7	0
Chr2_h1	17848777	1	1	0
Chr2_h1	17848779	1	1	0
Chr2_h1	17848794	1	1	0
Chr2_h1	17848851	1	1	0
Chr2_h1	17848856	1	1	0
Chr2_h1	17848863	1	1	0
Chr2_h1	21350397	1	1	0
Chr2_h1	21350467	1	1	0
Chr2_h1	21350493	1	1	0
Chr2_h1	21350637	1	8	0
Chr2_h1	21465068	1	1	0
Chr2_h1	21846356	1	4	0
Chr2_h1	22610824	1	3	0
Chr2_h1	25261129	1	2	0
Chr2_h1	25261265	1	10	0
Chr2_h1	25261376	1	7	0
Chr2_h1	25261415	1	5	0
Chr2_h1	25261441	1	5	0
Chr2_h1	25488043	1	9	0
Chr2_h1	25488138	1	19	0
Chr2_h1	25488161	1	22	0
Chr2_h1	25488287	1	3	0
Chr2_h1	25526211	1	11	0
Chr2_h1	26500002	1	1	0
Chr2_h1	26615150	1	2	0
Chr2_h1	26615190	1	1	0
Chr2_h1	27422728	1	7	0
Chr2_h1	27614091	1	7	0
Chr2_h1	27614107	1	10	0
Chr2_h1	27614114	1	12	0
Chr2_h1	27614139	1	14	0
Chr2_h1	30217041	1	1	0
Chr2_h1	30217054	1	1	0
Chr2_h1	30217062	1	1	0
Chr2_h1	31449193	1	2	0
Chr2_h1	32459006	1	3	0
Chr2_h1	32459188	1	2	0
Chr2_h1	36133812	1	1	0
Chr2_h1	36133935	1	6	0
Chr2_h1	37549875	1	2	0
Chr2_h1	37549900	1	2	0
Chr2_h1	37549938	1	2	0
Chr2_h1	38023540	1	3	0
Chr2_h1	38023739	1	16	0
Chr2_h1	38023802	1	10	0
Chr2_h1	41152758	1	1	0
Chr2_h1	41609960	1	4	0
Chr2_h1	41628142	1	1	0
Chr2_h1	42199055	1	8	0
Chr2_h1	42199086	1	5	0
Chr2_h1	42199141	1	3	0
Chr2_h1	42279451	1	3	0
Chr2_h1	43029098	1	1	0
Chr2_h1	45625885	1	3	0
Chr2_h1	45626592	1	5	0
Chr2_h1	45626638	1	2	0
Chr2_h1	45626642	1	2	0
Chr2_h1	45626643	1	2	0
Chr2_h1	48232029	1	2	0
Chr2_h1	48232138	1	2	0
Chr2_h1	48232152	1	2	0
Chr2_h1	50440925	1	1	0
Chr2_h1	50440955	1	5	0
Chr2_h1	50441169	1	8	0
Chr2_h1	51938850	1	1	0
Chr2_h1	52114589	1	7	0
Chr2_h1	52815652	1	12	0
Chr2_h1	52815798	1	5	0
Chr2_h1	53337507	1	9	0
Chr2_h1	55125386	1	6	0
Chr2_h1	56339273	1	1	0
Chr2_h1	56339281	1	1	0
Chr2_h1	56437280	1	1	0
Chr2_h1	57149601	1	10	0
Chr2_h1	57149604	1	10	0
Chr2_h1	57149618	1	11	0
Chr2_h1	57149642	1	13	0
Chr2_h1	57149682	1	11	0
Chr2_h1	57149707	1	9	0
Chr2_h1	57149735	1	6	0
Chr2_h1	57149772	1	4	0
Chr2_h1	57149828	1	1	0
Chr2_h1	58828538	1	9	0
Chr2_h1	59132233	1	5	0
Chr2_h1	59495266	1	1	0
Chr2_h1	60923070	1	3	0
Chr2_h1	60923094	1	2	0
Chr2_h1	60923104	1	2	0
Chr2_h1	61737621	1	2	0
Chr2_h1	63097188	1	1	0
Chr2_h1	63097189	1	1	0
Chr2_h1	63506960	1	3	0
Chr2_h1	63970237	1	3	0
Chr2_h1	64195430	0.5	40	30
Chr2_h1	64195477	1	17	3
Chr2_h1	69460936	1	28	0
Chr2_h1	69460960	1	21	0
Chr2_h1	69461022	1	10	0
Chr3_h1	1218067	1	17	4
Chr3_h1	1218097	1	12	1
Chr3_h1	1289377	1	1	0
Chr3_h1	1289411	1	1	0
Chr3_h1	1366851	1	11	0
Chr3_h1	1455341	1	7	0
Chr3_h1	1651270	1	1	0
Chr3_h1	1651506	1	12	0
Chr3_h1	3142195	1	1	0
Chr3_h1	3142197	1	1	0
Chr3_h1	3142200	1	1	0
Chr3_h1	3142235	1	1	0
Chr3_h1	4630880	1	1	0
Chr3_h1	4630927	1	2	0
Chr3_h1	4632820	1	7	0
Chr3_h1	4998105	1	1	0
Chr3_h1	5241580	1	4	0
Chr3_h1	5241659	1	5	0
Chr3_h1	5950611	1	1	0
Chr3_h1	5950626	1	2	0
Chr3_h1	5950744	1	8	0
Chr3_h1	5950746	1	8	0
Chr3_h1	6927764	1	1	0
Chr3_h1	8422969	1	1	0
Chr3_h1	8422980	1	1	0
Chr3_h1	8423014	1	1	0
Chr3_h1	8423075	1	1	0
Chr3_h1	8423102	1	2	0
Chr3_h1	8423151	1	1	0
Chr3_h1	8615592	1	2	0
Chr3_h1	8615668	1	1	0
Chr3_h1	8615717	1	1	0
Chr3_h1	11130465	1	1	0
Chr3_h1	11130505	1	3	0
Chr3_h1	11659250	0	0	1
Chr3_h1	11714677	1	2	0
Chr3_h1	11715061	1	11	0
Chr3_h1	11715078	1	13	0
Chr3_h1	11717001	1	5	0
Chr3_h1	11717022	1	3	0
Chr3_h1	13141332	1	9	0
Chr3_h1	13141472	1	2	0
Chr3_h1	15458691	1	7	0
Chr3_h1	15458772	0.5	3	1
Chr3_h1	15794624	1	2	0
Chr3_h1	15794662	1	3	0
Chr3_h1	15794663	1	3	0
Chr3_h1	15794681	1	2	0
Chr3_h1	15794697	1	2	0
Chr3_h1	15794704	1	2	0
Chr3_h1	16215644	1	1	0
Chr3_h1	16215737	1	4	0
Chr3_h1	16215742	1	5	0
Chr3_h1	16215955	1	7	0
Chr3_h1	16348900	0	0	1
Chr3_h1	16664431	1	23	0
Chr3_h1	16898816	1	2	0
Chr3_h1	16972431	1	4	0
Chr3_h1	16972515	1	3	0
Chr3_h1	17499940	1	4	0
Chr3_h1	17500104	1	4	0
Chr3_h1	17782498	1	3	0
Chr3_h1	17782582	1	3	0
Chr3_h1	19204411	1	8	0
Chr3_h1	19580254	1	2	0
Chr3_h1	19580380	1	2	0
Chr3_h1	19767808	1	1	0
Chr3_h1	19767817	1	2	0
Chr3_h1	19767818	1	2	0
Chr3_h1	19767820	1	2	0
Chr3_h1	19767828	1	2	0
Chr3_h1	19767840	1	2	0
Chr3_h1	19767874	1	2	0
Chr3_h1	19767880	1	2	0
Chr3_h1	19768030	1	6	0
Chr3_h1	19769384	1	4	0
Chr3_h1	19769479	1	9	0
Chr3_h1	19769568	1	21	0
Chr3_h1	19769717	1	6	0
Chr3_h1	19769890	1	11	0
Chr3_h1	19769900	1	12	0
Chr3_h1	19769905	1	13	0
Chr3_h1	19770028	1	4	0
Chr3_h1	24819381	1	2	0
Chr3_h1	24819478	1	6	0
Chr3_h1	25975303	1	3	0
Chr3_h1	25975368	1	7	0
Chr3_h1	25978889	1	1	0
Chr3_h1	26129590	1	1	0
Chr3_h1	26209872	1	1	0
Chr3_h1	26209923	1	1	0
Chr3_h1	26245487	1	2	0
Chr3_h1	26245548	1	6	0
Chr3_h1	26790301	1	6	1
Chr3_h1	27663464	1	1	0
Chr3_h1	28354772	1	4	0
Chr3_h1	28354780	0.5	3	1
Chr3_h1	29903218	1	3	0
Chr3_h1	30545672	1	2	0
Chr3_h1	30545717	1	5	0
Chr3_h1	30545731	1	5	0
Chr3_h1	30545751	1	6	0
Chr3_h1	30545778	1	7	0
Chr3_h1	30545813	1	6	0
Chr3_h1	30545840	1	5	0
Chr3_h1	30545858	1	4	0
Chr3_h1	33727855	1	10	0
Chr3_h1	33727901	1	14	0
Chr3_h1	36000417	1	8	0
Chr3_h1	36052678	1	9	1
Chr3_h1	36052683	1	10	0
Chr3_h1	36052684	1	9	1
Chr3_h1	36052698	1	9	0
Chr3_h1	36052699	1	8	0
Chr3_h1	36052702	1	8	0
Chr3_h1	36052717	1	7	0
Chr3_h1	36052738	1	7	0
Chr3_h1	36314162	1	1	0
Chr3_h1	36354996	1	6	0
Chr3_h1	36355089	1	13	0
Chr3_h1	36909217	1	11	0
Chr3_h1	37240866	1	8	0
Chr3_h1	37240867	1	8	0
Chr3_h1	37240894	1	9	0
Chr3_h1	37240912	1	10	0
Chr3_h1	37240915	1	9	0
Chr3_h1	37240939	1	11	0
Chr3_h1	37240963	1	10	0
Chr3_h1	37240987	0.5	10	8
Chr3_h1	37241111	1	4	0
Chr3_h1	37367982	1	1	0
Chr3_h1	37503608	0.5	16	10
Chr3_h1	37503716	1	21	5
Chr3_h1	37987444	1	6	0
Chr3_h1	37987478	1	9	0
Chr3_h1	37987596	1	6	0
Chr3_h1	42688833	1	1	0
Chr3_h1	45413423	1	4	0
Chr3_h1	45413432	1	2	0
Chr3_h1	45579692	1	5	0
Chr3_h1	45579802	1	4	0
Chr3_h1	46464032	1	18	0
Chr3_h1	49586931	1	13	0
Chr3_h1	49587028	1	12	0
Chr3_h1	50286903	1	2	0
Chr3_h1	50286909	1	2	0
Chr3_h1	50286924	1	2	0
Chr3_h1	50286928	1	2	0
Chr3_h1	50287053	1	2	0
Chr3_h1	50287074	1	2	0
Chr3_h1	50287095	1	2	0
Chr3_h1	50287113	1	1	0
Chr3_h1	50287119	1	1	0
Chr3_h1	51371325	1	2	0
Chr3_h1	51375902	1	8	0
Chr3_h1	51972610	1	20	0
Chr3_h1	52004365	1	2	0
Chr3_h1	52004900	1	5	0
Chr3_h1	52005022	1	2	0
Chr3_h1	52005038	1	2	0
Chr3_h1	52005053	1	2	0
Chr3_h1	52048525	1	15	0
Chr3_h1	52048836	1	2	0
Chr3_h1	52899550	1	2	0
Chr3_h1	52899604	1	2	0
Chr3_h1	54630533	1	1	0
Chr3_h1	55355959	1	2	0
Chr3_h1	55356837	1	4	0
Chr3_h1	55581347	0	0	17
Chr3_h1	56826749	1	10	0
Chr3_h1	56826874	1	2	0
Chr3_h1	56827053	1	7	0
Chr3_h1	56827124	1	4	0
Chr3_h1	56827175	1	1	0
Chr3_h1	58171857	1	7	0
Chr3_h1	58171858	1	6	0
Chr3_h1	58171859	1	6	0
Chr3_h1	61827959	1	9	0
Chr3_h1	62956070	1	1	0
Chr3_h1	65487265	1	14	0
Chr3_h1	65487286	1	19	0
Chr3_h1	65487298	1	23	0
Chr3_h1	65487307	1	25	0
Chr3_h1	65487328	1	29	0
Chr3_h1	65487349	1	29	0
Chr3_h1	65487387	1	26	0
Chr3_h1	65487539	1	2	0
Chr3_h1	65606110	1	10	0
Chr3_h1	65606149	1	9	0
Chr3_h1	65693922	1	2	0
Chr3_h1	66767634	1	1	0
Chr3_h1	66767713	1	4	0
Chr3_h1	67071036	1	3	0
Chr3_h1	67867225	0	0	1
Chr3_h1	68509828	0.5	4	1
Chr4_h1	4243688	1	10	0
Chr4_h1	4243723	1	13	0
Chr4_h1	4243775	1	11	0
Chr4_h1	9637560	1	1	0
Chr4_h1	9637595	1	1	0
Chr4_h1	9637598	1	1	0
Chr4_h1	9949219	1	2	0
Chr4_h1	12138065	1	1	0
Chr4_h1	14532592	1	2	0
Chr4_h1	15693220	1	8	0
Chr4_h1	15693928	1	1	0
Chr4_h1	16133328	1	10	0
Chr4_h1	16290994	1	4	0
Chr4_h1	16482538	1	3	0
Chr4_h1	16482743	1	1	0
Chr4_h1	16518702	1	16	0
Chr4_h1	16518827	1	4	0
Chr4_h1	17299473	1	2	0
Chr4_h1	17299597	1	2	0
Chr4_h1	17299599	0.5	1	1
Chr4_h1	17634167	1	4	0
Chr4_h1	17634331	1	5	0
Chr4_h1	17634372	1	3	0
Chr4_h1	17634426	1	2	0
Chr4_h1	18215104	1	7	0
Chr4_h1	20022521	1	2	0
Chr4_h1	20022658	1	2	0
Chr4_h1	20022734	1	2	0
Chr4_h1	23525015	1	1	0
Chr4_h1	24069059	1	3	0
Chr4_h1	24069080	1	2	0
Chr4_h1	24597234	1	9	0
Chr4_h1	24597376	1	9	0
Chr4_h1	25648820	1	12	0
Chr4_h1	25648893	1	2	0
Chr4_h1	25648913	1	1	0
Chr4_h1	35567619	1	1	0
Chr4_h1	35567655	1	2	0
Chr4_h1	35567661	1	2	0
Chr4_h1	35624224	1	9	0
Chr4_h1	36672538	1	3	0
Chr4_h1	38071114	1	3	0
Chr4_h1	38071154	1	6	0
Chr4_h1	38071195	1	7	0
Chr4_h1	38071286	1	1	0
Chr4_h1	38071307	1	1	0
Chr4_h1	38398823	1	1	0
Chr4_h1	38398828	1	1	0
Chr4_h1	40758476	1	6	0
Chr4_h1	41579544	0	0	3
Chr4_h1	43465523	0	0	3
Chr4_h1	43465542	0	0	4
Chr4_h1	43465553	0	0	4
Chr4_h1	43465580	0	0	6
Chr4_h1	43465909	0	0	5
Chr4_h1	43465999	0	0	1
Chr4_h1	43466118	0	0	1
Chr4_h1	43466124	0	0	1
Chr4_h1	44278826	0	0	1
Chr4_h1	46587289	0	0	1
Chr4_h1	46696739	0	0	1
Chr4_h1	46696741	0	0	1
Chr4_h1	47047041	0	0	10
Chr4_h1	47994178	0	0	10
Chr4_h1	47994242	0	0	6
Chr4_h1	47994320	0	0	1
Chr4_h1	48055115	0	0	7
Chr4_h1	51857649	0	0	4
Chr4_h1	52133322	0	0	1
Chr4_h1	52133355	0	0	2
Chr4_h1	52133378	0	0	2
Chr4_h1	52133400	0	0	5
Chr4_h1	52133403	0	0	5
Chr4_h1	55404290	0	0	3
Chr4_h1	55995540	0	0	9
Chr4_h1	59092102	0	0	1
Chr4_h1	59784895	0	0	11
Chr4_h1	59784907	0	0	11
Chr4_h1	59784968	0	0	16
Chr4_h1	59785056	0	0	8
Chr4_h1	59785106	0	0	1
Chr4_h1	59785126	0	0	1
Chr4_h1	59868673	0	0	3
Chr4_h1	59868715	0	0	1
Chr4_h1	59868724	0	0	1
Chr4_h1	61051117	0	0	15
Chr4_h1	61051157	0	0	10
Chr4_h1	61051169	0	0	8
Chr4_h1	61051171	0	0	8
Chr4_h1	61051174	0	0	8
Chr4_h1	61051208	0	0	2
Chr4_h1	61051211	0	0	2
Chr4_h1	61051290	0	0	1
Chr4_h1	61051305	0	0	1
Chr4_h1	61463952	0	0	3
Chr4_h1	61476151	0	0	1
Chr4_h1	61476184	0	0	1
Chr4_h1	61476208	0	0	4
Chr4_h1	61476219	0	0	4
Chr4_h1	61476223	0	0	4
Chr4_h1	61476297	0	0	5
Chr4_h1	61486995	0	0	8
Chr4_h1	64062286	0	0	6
Chr5_h1	4790689	1	2	0
Chr5_h1	4790779	1	8	0
Chr5_h1	4790961	1	6	0
Chr5_h1	7022373	0	0	1
Chr5_h1	7392231	0	0	1
Chr5_h1	11124588	0	0	8
Chr5_h1	11124591	0	0	8
Chr5_h1	11124641	0	0	9
Chr5_h1	11124642	0	0	9
Chr5_h1	11124693	0	0	10
Chr5_h1	11124743	0	0	5
Chr5_h1	11124778	0	0	4
Chr5_h1	12948866	0	0	1
Chr5_h1	14881160	0	0	15
Chr5_h1	15371545	0	0	2
Chr5_h1	15371554	0	0	2
Chr5_h1	17377360	0	0	6
Chr5_h1	20125224	0	0	1
Chr5_h1	20132166	0	0	1
Chr5_h1	20132185	0	0	1
Chr5_h1	20132250	0	0	1
Chr5_h1	20132828	0	0	1
Chr5_h1	20655082	0	0	1
Chr5_h1	20655153	0	0	4
Chr5_h1	20655283	0	0	4
Chr5_h1	21517389	0	0	8
Chr5_h1	21521826	0	0	4
Chr5_h1	22769977	0	0	65
Chr5_h1	22770684	0	0	3
Chr5_h1	23747643	0	0	2
Chr5_h1	23747859	0	0	1
Chr5_h1	23818894	0	0	4
Chr5_h1	25738748	0	0	4
Chr5_h1	25738771	0	0	5
Chr5_h1	25738788	0	0	5
Chr5_h1	25738886	0	0	2
Chr5_h1	30023148	0	0	1
Chr5_h1	30023149	0	0	1
Chr5_h1	31591714	0	0	3
Chr5_h1	31592031	0	0	7
Chr5_h1	32827138	0	0	4
Chr5_h1	32827228	0	0	3
Chr5_h1	35881650	0	0	8
Chr5_h1	35946229	0	0	1
Chr5_h1	35946360	0	0	5
Chr5_h1	35946377	0	0	5
Chr5_h1	35946437	0	0	6
Chr5_h1	35946557	0	0	1
Chr5_h1	37645999	0	0	8
Chr5_h1	37647108	0	0	2
Chr5_h1	37647109	0	0	2
Chr5_h1	38472569	0	0	1
Chr5_h1	38796311	0	0	1
Chr5_h1	38796659	0	0	3
Chr5_h1	40488650	0	0	5
Chr5_h1	40488700	0	0	8
Chr5_h1	40488738	0	0	9
Chr5_h1	40488847	0	0	1
Chr5_h1	41694057	0	0	5
Chr5_h1	41694060	0	0	5
Chr5_h1	41884436	0	0	3
Chr5_h1	41884569	0	0	4
Chr5_h1	46015261	0	0	1
Chr5_h1	47147583	0	0	2
Chr5_h1	51545409	0	0	7
Chr5_h1	51600519	0	0	1
Chr5_h1	51600615	0	0	1
Chr5_h1	53338622	1	14	0
Chr5_h1	53758421	0	0	12
Chr5_h1	53758487	0	0	10
Chr5_h1	59492044	1	6	0
Chr5_h1	59492066	1	4	0
Chr5_h1	63266703	0	0	5
Chr5_h1	63266739	0	0	5
Chr5_h1	63267393	0	0	3
Chr5_h1	66779348	0	0	1
Chr5_h1	66779474	0	0	1
Chr5_h1	66858842	0	0	1
Chr5_h1	66858862	0	0	1
Chr5_h1	66858945	0	0	8
Chr5_h1	66858969	0	0	8
Chr5_h1	66859028	0	0	9
Chr5_h1	66859161	0	0	2
Chr5_h1	67459467	0	0	1
Chr5_h1	67459471	0	0	1
Chr5_h1	67459543	0	0	1
Chr5_h1	67492188	0	0	9
